0	0.003404
1	0.004005
2	0.004478
3	0.004940
4	0.005279
5	0.005557
6	0.005853
7	0.006127
8	0.006371
9	0.006574
10	0.006765
11	0.006961
12	0.007131
13	0.007310
14	0.007488
15	0.007640
16	0.007793
17	0.007974
18	0.008078
19	0.008209
20	0.008319
21	0.008418
22	0.008541
23	0.008607
24	0.008712
25	0.008843
26	0.008973
27	0.009099
28	0.009204
29	0.009267
30	0.009378
31	0.009420
32	0.009481
33	0.009602
34	0.009653
35	0.009745
36	0.009788
37	0.009833
38	0.009945
39	0.010062
40	0.010133
41	0.010217
42	0.010301
43	0.010349
44	0.010444
45	0.010479
46	0.010574
47	0.010647
48	0.010718
49	0.010785
50	0.010884
51	0.010884
52	0.010931
53	0.011011
54	0.011058
55	0.011066
56	0.011109
57	0.011159
58	0.011165
59	0.011277
60	0.011327
61	0.011409
62	0.011548
63	0.011580
64	0.011656
65	0.011709
66	0.011764
67	0.011785
68	0.011861
69	0.011885
70	0.011932
71	0.011999
72	0.012090
73	0.012140
74	0.012174
75	0.012244
76	0.012298
77	0.012305
78	0.012323
79	0.012333
80	0.012324
81	0.012406
82	0.012394
83	0.012412
84	0.012461
85	0.012478
86	0.012470
87	0.012496
88	0.012514
89	0.012571
90	0.012576
91	0.012641
92	0.012692
93	0.012748
94	0.012773
95	0.012861
96	0.012914
97	0.012941
98	0.013036
99	0.013102
100	0.013152
101	0.013228
102	0.013326
103	0.013408
104	0.013440
105	0.013466
106	0.013490
107	0.013509
108	0.013578
109	0.013566
110	0.013653
111	0.013685
112	0.013758
113	0.013782
114	0.013813
115	0.013856
116	0.013897
117	0.013974
118	0.014015
119	0.014041
120	0.014094
121	0.014119
122	0.014120
123	0.014173
124	0.014215
125	0.014262
126	0.014328
127	0.014366
128	0.014437
129	0.014455
130	0.014480
131	0.014488
132	0.014507
133	0.014519
134	0.014581
135	0.014573
136	0.014605
137	0.014633
138	0.014607
139	0.014645
140	0.014662
141	0.014700
142	0.014726
143	0.014717
144	0.014758
145	0.014838
146	0.014913
147	0.014947
148	0.015010
149	0.015076
150	0.015149
151	0.015212
152	0.015234
153	0.015251
154	0.015244
155	0.015281
156	0.015307
157	0.015364
158	0.015368
159	0.015370
160	0.015416
161	0.015445
162	0.015477
163	0.015472
164	0.015492
165	0.015470
166	0.015497
167	0.015532
168	0.015565
169	0.015554
170	0.015639
171	0.015722
172	0.015761
173	0.015791
174	0.015801
175	0.015794
176	0.015792
177	0.015838
178	0.015904
179	0.015948
180	0.015953
181	0.015975
182	0.016023
183	0.016004
184	0.016014
185	0.016007
186	0.016073
187	0.016098
188	0.016130
189	0.016152
190	0.016181
191	0.016169
192	0.016125
193	0.016118
194	0.016119
195	0.016126
196	0.016197
197	0.016229
198	0.016247
199	0.016254
200	0.016316
201	0.016302
202	0.016299
203	0.016384
204	0.016423
205	0.016430
206	0.016454
207	0.016477
208	0.016489
209	0.016516
210	0.016503
211	0.016493
212	0.016508
213	0.016530
214	0.016569
215	0.016628
216	0.016603
217	0.016598
218	0.016663
219	0.016705
220	0.016718
221	0.016753
222	0.016730
223	0.016749
224	0.016789
225	0.016781
226	0.016803
227	0.016836
228	0.016865
229	0.016899
230	0.016910
231	0.016989
232	0.016961
233	0.016986
234	0.016966
235	0.017021
236	0.017033
237	0.017028
238	0.017085
239	0.017083
240	0.017132
241	0.017172
242	0.017177
243	0.017144
244	0.017189
245	0.017229
246	0.017278
247	0.017297
248	0.017328
249	0.017329
250	0.017416
251	0.017418
252	0.017430
253	0.017447
254	0.017460
255	0.017533
256	0.017470
257	0.017501
258	0.017490
259	0.017532
260	0.017592
261	0.017590
262	0.017596
263	0.017629
264	0.017678
265	0.017681
266	0.017719
267	0.017710
268	0.017693
269	0.017764
270	0.017779
271	0.017804
272	0.017849
273	0.017927
274	0.017969
275	0.017932
276	0.017946
277	0.017942
278	0.017963
279	0.017984
280	0.018001
281	0.018014
282	0.018072
283	0.018079
284	0.018080
285	0.018072
286	0.018111
287	0.018127
288	0.018121
289	0.018166
290	0.018206
291	0.018211
292	0.018211
293	0.018236
294	0.018279
295	0.018285
296	0.018324
297	0.018384
298	0.018389
299	0.018418
300	0.018433
301	0.018432
302	0.018447
303	0.018559
304	0.018654
305	0.018647
306	0.018662
307	0.018775
308	0.018754
309	0.018796
310	0.018797
311	0.018845
312	0.018850
313	0.018845
314	0.018871
315	0.018833
316	0.018892
317	0.018932
318	0.018967
319	0.018952
320	0.018940
321	0.018964
322	0.019006
323	0.019106
324	0.019183
325	0.019192
326	0.019185
327	0.019253
328	0.019324
329	0.019326
330	0.019313
331	0.019355
332	0.019321
333	0.019331
334	0.019329
335	0.019315
336	0.019354
337	0.019410
338	0.019415
339	0.019439
340	0.019449
341	0.019494
342	0.019490
343	0.019510
344	0.019503
345	0.019523
346	0.019564
347	0.019601
348	0.019570
349	0.019608
350	0.019616
351	0.019681
352	0.019757
353	0.019760
354	0.019789
355	0.019806
356	0.019826
357	0.019880
358	0.019901
359	0.019889
360	0.019879
361	0.019901
362	0.019915
363	0.019939
364	0.019954
365	0.019975
366	0.019992
367	0.019978
368	0.019967
369	0.020013
370	0.020052
371	0.020109
372	0.020100
373	0.020117
374	0.020171
375	0.020217
376	0.020204
377	0.020174
378	0.020192
379	0.020166
380	0.020194
381	0.020217
382	0.020240
383	0.020202
384	0.020202
385	0.020207
386	0.020241
387	0.020251
388	0.020262
389	0.020292
390	0.020353
391	0.020356
392	0.020421
393	0.020462
394	0.020399
395	0.020428
396	0.020420
397	0.020476
398	0.020545
399	0.020597
400	0.020615
401	0.020660
402	0.020659
403	0.020678
404	0.020635
405	0.020718
406	0.020740
407	0.020777
408	0.020846
409	0.020895
410	0.020950
411	0.020989
412	0.021006
413	0.021050
414	0.021023
415	0.021065
416	0.021106
417	0.021135
418	0.021106
419	0.021169
420	0.021219
421	0.021264
422	0.021286
423	0.021290
424	0.021307
425	0.021265
426	0.021260
427	0.021294
428	0.021342
429	0.021343
430	0.021389
431	0.021430
432	0.021416
433	0.021452
434	0.021499
435	0.021451
436	0.021490
437	0.021460
438	0.021481
439	0.021505
440	0.021488
441	0.021513
442	0.021556
443	0.021572
444	0.021586
445	0.021559
446	0.021577
447	0.021595
448	0.021673
449	0.021655
450	0.021650
451	0.021685
452	0.021682
453	0.021712
454	0.021732
455	0.021766
456	0.021829
457	0.021850
458	0.021882
459	0.021868
460	0.021853
461	0.021900
462	0.021918
463	0.021895
464	0.021900
465	0.021929
466	0.021921
467	0.021896
468	0.021889
469	0.021908
470	0.021932
471	0.021951
472	0.021981
473	0.022020
474	0.022079
475	0.022150
476	0.022141
477	0.022175
478	0.022155
479	0.022166
480	0.022156
481	0.022175
482	0.022245
483	0.022269
484	0.022246
485	0.022277
486	0.022309
487	0.022376
488	0.022362
489	0.022396
490	0.022410
491	0.022407
492	0.022423
493	0.022480
494	0.022473
495	0.022529
496	0.022560
497	0.022611
498	0.022624
499	0.022620
500	0.022631
